[536, 589, 638]
[546, 602, 644]
[544, 616, 614]
[553, 617, 607]
[565, 617, 593]
[566, 607, 573]
[591, 617, 551]
[589, 644, 545]
[627, 645, 564]
[648, 656, 575]
[673, 645, 590]
[693, 643, 602]
[708, 646, 638]
[696, 631, 639]
[714, 621, 646]
[727, 614, 655]
[716, 635, 673]
[688, 634, 687]
[678, 623, 699]
[672, 622, 697]
[658, 624, 695]
[650, 623, 689]
[645, 625, 690]
[599, 617, 663]
[555, 622, 644]
[561, 625, 628]
[591, 645, 632]
[584, 645, 609]
[600, 649, 602]
[598, 638, 588]
[584, 615, 590]
[594, 601, 585]
[605, 590, 580]
[598, 574, 567]
[622, 587, 570]
[631, 607, 569]
[654, 615, 572]
[681, 606, 589]
[666, 621, 597]
[686, 593, 627]
[694, 604, 653]
[683, 604, 668]
[668, 618, 668]
[652, 596, 668]
[637, 600, 670]
[644, 608, 664]
[602, 587, 651]
[610, 582, 647]
[606, 590, 650]
[589, 595, 625]
[609, 611, 606]
[593, 604, 587]
[593, 593, 584]
[614, 574, 598]
[613, 567, 589]
[617, 564, 573]
[625, 558, 566]
[637, 549, 577]
[644, 525, 587]
[645, 552, 574]
[646, 572, 589]
[654, 589, 607]
[658, 587, 630]
[670, 582, 630]
[644, 553, 643]
[681, 549, 659]
[665, 579, 653]
[642, 569, 652]
[651, 569, 653]
[640, 578, 649]
[616, 557, 666]
[586, 560, 654]
[577, 574, 633]
[578, 567, 627]
[578, 566, 606]
[585, 570, 580]
[592, 562, 570]
[597, 540, 569]
[601, 534, 560]
[622, 531, 542]
[643, 528, 537]
[651, 526, 545]
[650, 544, 563]
[636, 545, 581]
[665, 545, 599]
[671, 540, 627]
[680, 543, 644]
[671, 545, 657]
[676, 539, 680]
[669, 524, 692]
[672, 547, 694]
[672, 549, 672]
[670, 537, 662]
[618, 548, 648]
[606, 545, 631]
[584, 524, 628]
[579, 525, 620]
[574, 519, 619]
[565, 501, 588]
[579, 487, 568]
[628, 507, 567]
[643, 505, 583]
[660, 504, 602]
[659, 504, 621]
[663, 502, 642]
[654, 504, 656]
[643, 481, 683]
[652, 475, 690]
[642, 498, 673]
[614, 503, 663]
[598, 501, 646]
[588, 503, 630]
[565, 493, 624]
[547, 486, 621]
[564, 477, 593]
[540, 467, 590]
[552, 458, 576]
[573, 473, 572]
[590, 470, 557]
[599, 452, 550]
[614, 478, 560]
[621, 476, 537]
[644, 467, 538]
[663, 478, 556]
[672, 450, 567]
[669, 462, 586]
[683, 477, 605]
[669, 485, 613]
[676, 472, 623]
[667, 468, 643]
[656, 469, 638]
[638, 479, 643]
[620, 483, 637]
[591, 465, 645]
[575, 456, 620]
[583, 443, 619]
[568, 446, 587]
[571, 437, 572]
[571, 411, 572]
[585, 412, 565]
[598, 429, 567]
[621, 437, 580]
[641, 434, 583]
[663, 424, 602]
[654, 398, 599]
[664, 400, 614]
[678, 383, 620]
[680, 379, 630]
[693, 398, 653]
[680, 425, 645]
[650, 432, 652]
[634, 431, 656]
[618, 404, 658]
[606, 431, 660]
[603, 434, 635]
[608, 425, 627]
[584, 409, 612]
[599, 394, 587]
[599, 375, 598]
[629, 380, 579]
[626, 398, 586]
[656, 406, 611]
[662, 395, 615]
[668, 375, 624]
[663, 359, 622]
[637, 355, 632]
[647, 372, 628]
[618, 392, 617]
[609, 401, 625]
[597, 380, 612]
[580, 373, 588]
[575, 366, 587]
[595, 339, 605]
[587, 327, 604]
[586, 331, 592]
[602, 353, 586]
[630, 346, 569]
[628, 339, 583]
[629, 310, 590]
[641, 326, 606]
[613, 327, 612]
[595, 316, 630]
[566, 307, 623]
[566, 278, 606]
[587, 321, 587]
[592, 288, 582]
[612, 293, 575]
[643, 282, 574]
[651, 275, 603]
[660, 293, 593]
[680, 261, 597]
[661, 287, 613]
[668, 289, 633]
[637, 299, 639]
[639, 309, 625]
[634, 295, 635]
[614, 282, 619]
[609, 269, 609]
[612, 268, 607]
[593, 265, 574]
[636, 257, 565]
[660, 262, 601]
[656, 261, 609]
[648, 270, 615]
[633, 266, 613]
[637, 297, 637]
[611, 276, 635]
[597, 270, 614]
[592, 265, 612]
[581, 238, 616]
[584, 229, 615]
[588, 229, 602]
[585, 225, 575]
[604, 227, 572]
[616, 231, 570]
[617, 221, 565]
[638, 223, 581]
[661, 210, 594]
[649, 223, 599]
[635, 237, 606]
[611, 235, 607]
[593, 230, 612]
[581, 207, 604]
[562, 197, 601]
[565, 186, 587]
[586, 199, 569]
[609, 197, 583]
[617, 185, 563]
[636, 178, 585]
[651, 190, 604]
[655, 205, 610]
[616, 178, 605]
[608, 173, 598]
[605, 169, 585]
[632, 167, 593]
[645, 149, 588]
[644, 148, 605]
[629, 149, 613]
[625, 153, 614]
[602, 157, 600]
[598, 153, 599]
[589, 134, 576]
[605, 142, 577]
[606, 128, 569]
[647, 132, 575]
[651, 128, 598]
[648, 122, 618]
[654, 100, 629]
[636, 113, 627]
[606, 123, 624]
[583, 109, 612]
[576, 109, 595]
[577, 108, 573]
[576, 106, 556]
[589, 81, 554]
[592, 59, 534]
[609, 64, 560]
[621, 66, 567]
[626, 67, 575]
[639, 55, 592]
[650, 79, 602]
[659, 91, 627]
[659, 113, 624]
[678, 107, 597]
[657, 126, 605]
[662, 135, 590]
[647, 142, 573]
[646, 136, 551]
[626, 125, 540]
[609, 148, 547]
[586, 140, 540]
[569, 152, 569]
[562, 152, 564]
[574, 135, 582]
[548, 139, 580]
[549, 152, 605]
[559, 162, 630]
[562, 174, 640]
[589, 188, 631]
[592, 197, 652]
[604, 194, 662]
[608, 186, 679]
[604, 181, 672]
[627, 182, 669]
[640, 179, 650]
[646, 186, 632]
[656, 192, 622]
[656, 192, 610]
[654, 189, 600]
[648, 198, 575]
[644, 184, 556]
[632, 170, 550]
[618, 199, 557]
[597, 195, 546]
[596, 173, 539]
[588, 177, 546]
[551, 161, 545]
[559, 192, 551]
[572, 200, 564]
[568, 211, 577]
[591, 230, 636]
[603, 230, 658]
[633, 232, 669]
[629, 237, 648]
[627, 241, 641]
[652, 228, 631]
[636, 257, 617]
[674, 227, 610]
[679, 226, 600]
[690, 212, 593]
[695, 185, 569]
[686, 211, 555]
[658, 224, 548]
[649, 226, 528]
[636, 214, 508]
[627, 218, 517]
[616, 233, 529]
[599, 231, 533]
[585, 232, 548]
[573, 221, 539]
[572, 232, 552]
[555, 237, 563]
[578, 243, 577]
[574, 257, 581]
[564, 269, 606]
[563, 269, 613]
[568, 285, 643]
[563, 306, 622]
[577, 274, 665]
[589, 275, 660]
[605, 288, 656]
[633, 276, 671]
[653, 260, 669]
[657, 241, 660]
[659, 263, 651]
[682, 271, 648]
[672, 281, 635]
[700, 291, 631]
[708, 280, 609]
[701, 277, 603]
[727, 259, 592]
[693, 274, 569]
[702, 267, 539]
[687, 279, 531]
[683, 234, 533]
[680, 261, 518]
[661, 247, 512]
[641, 265, 531]
[627, 287, 525]
[608, 290, 524]
[577, 293, 519]
[549, 285, 523]
[532, 294, 523]
[540, 316, 531]
[541, 322, 551]
[535, 309, 568]
[548, 299, 582]
[535, 289, 582]
[546, 309, 604]
[550, 314, 611]
[566, 322, 601]
[578, 314, 626]
[593, 333, 642]
[607, 331, 634]
[616, 333, 660]
[657, 332, 664]
[653, 298, 664]
[669, 313, 669]
[668, 333, 648]
[677, 332, 654]
[672, 343, 631]
[691, 354, 628]
[694, 358, 605]
[709, 356, 587]
[711, 347, 573]
[725, 324, 565]
[710, 339, 543]
[693, 323, 520]
[687, 318, 526]
[680, 305, 514]
[684, 323, 525]
[669, 342, 516]
[652, 351, 531]
[634, 347, 531]
[624, 344, 515]
[602, 355, 537]
[584, 358, 545]
[569, 348, 544]
[571, 360, 558]
[580, 384, 555]
[567, 399, 560]
[565, 401, 563]
[578, 403, 604]
[569, 399, 618]
[563, 367, 626]
[582, 389, 642]
[588, 366, 662]
[594, 365, 675]
[614, 344, 683]
[606, 328, 693]
[662, 395, 672]
[678, 397, 670]
[685, 397, 653]
[700, 388, 668]
[698, 385, 642]
[705, 366, 635]
[720, 379, 625]
[727, 384, 597]
[727, 374, 582]
[749, 364, 573]
[746, 361, 558]
[732, 369, 572]
[718, 379, 548]
[713, 351, 537]
[698, 378, 540]
[687, 385, 524]
[671, 397, 545]
[648, 402, 534]
[628, 392, 548]
[610, 378, 546]
[609, 399, 539]
[591, 421, 556]
[567, 408, 563]
[566, 404, 551]
[548, 394, 553]
[547, 394, 574]
[565, 395, 569]
[539, 405, 581]
[535, 407, 600]
[525, 409, 613]
[530, 429, 610]
[536, 435, 620]
[566, 431, 643]
[563, 433, 653]
[590, 435, 658]
[588, 434, 683]
[594, 418, 680]
[613, 401, 686]
[613, 429, 683]
[633, 437, 672]
[633, 431, 665]
[663, 431, 659]
[665, 437, 640]
[675, 424, 636]
[675, 414, 629]
[685, 422, 605]
[684, 398, 598]
[713, 394, 585]
[692, 415, 568]
[663, 417, 577]
[664, 414, 581]
[659, 404, 545]
[652, 425, 531]
[657, 411, 506]
[629, 393, 499]
[639, 426, 494]
[631, 436, 488]
[612, 444, 484]
[592, 451, 505]
[586, 446, 495]
[552, 456, 513]
[546, 442, 515]
[538, 459, 522]
[540, 475, 532]
[528, 470, 554]
[527, 460, 562]
[536, 446, 577]
[542, 445, 583]
[533, 440, 604]
[553, 444, 628]
[549, 471, 642]
[557, 479, 648]
[578, 477, 662]
[597, 472, 673]
[599, 465, 690]
[614, 436, 697]
[628, 439, 689]
[638, 444, 679]
[643, 477, 675]
[665, 459, 685]
[669, 440, 675]
[688, 449, 669]
[673, 473, 652]
[685, 475, 631]
[677, 441, 606]
[682, 454, 609]
[695, 478, 605]
[698, 494, 568]
[718, 496, 553]
[733, 486, 547]
[728, 475, 530]
[728, 462, 512]
[725, 461, 513]
[709, 479, 494]
[701, 476, 487]
[667, 473, 477]
[667, 450, 464]
[646, 472, 473]
[616, 470, 474]
[607, 487, 491]
[562, 504, 487]
[539, 510, 499]
[515, 509, 506]
[499, 494, 505]
[490, 493, 504]
[505, 504, 526]
[526, 521, 533]
[525, 526, 542]
[542, 528, 561]
[551, 529, 573]
[565, 535, 583]
[574, 517, 612]
[602, 546, 630]
[589, 540, 643]
[586, 514, 649]
[608, 522, 670]
[614, 529, 669]
[635, 546, 668]
[643, 546, 675]
[649, 549, 681]
[656, 534, 696]
[687, 545, 700]
[696, 520, 703]
[709, 539, 733]
[713, 544, 711]
[712, 545, 704]
[704, 549, 686]
[715, 557, 666]
[738, 550, 655]
[729, 542, 652]
[725, 519, 634]
[724, 534, 623]
[724, 538, 593]
[714, 529, 577]
[703, 513, 553]
[721, 516, 534]
[705, 509, 512]
[719, 498, 492]
[709, 520, 489]
[692, 515, 472]
[678, 549, 476]
[661, 538, 464]
[631, 536, 465]
[628, 535, 451]
[590, 535, 453]
[577, 527, 464]
[563, 526, 453]
[539, 525, 485]
[535, 549, 479]
[531, 572, 502]
[513, 565, 520]
[518, 557, 540]
[505, 557, 561]
[511, 571, 578]
[508, 569, 585]
[505, 577, 605]
[510, 560, 604]
[515, 565, 613]
[536, 558, 627]
[549, 560, 637]
[567, 559, 644]
[578, 561, 663]
[604, 549, 669]
[610, 539, 688]
[632, 544, 707]
[639, 575, 710]
[663, 551, 728]
[671, 532, 737]
[681, 551, 726]
[678, 565, 735]
[708, 575, 722]
[707, 579, 706]
[724, 572, 708]
[729, 556, 707]
[724, 557, 691]
[742, 576, 687]
[745, 588, 673]
[726, 589, 642]
[743, 591, 626]
[751, 581, 623]
[747, 556, 601]
[737, 567, 572]
[742, 598, 574]
[745, 607, 549]
[720, 617, 530]
[713, 605, 512]
[717, 595, 491]
[702, 573, 470]
[677, 595, 486]
[658, 606, 470]
[646, 606, 495]
[621, 614, 471]
[604, 591, 490]
[592, 592, 484]
[572, 572, 487]
[539, 580, 480]
[532, 597, 477]
[535, 613, 497]
[532, 614, 503]
[519, 620, 534]
[492, 622, 544]
[489, 614, 551]
[504, 601, 556]
[477, 573, 571]
[490, 619, 584]
[514, 607, 607]
[510, 612, 617]
[511, 617, 648]
[513, 601, 650]
[517, 596, 658]
[523, 590, 682]
[559, 582, 687]
[560, 591, 708]
[580, 590, 710]
[600, 596, 705]
[610, 593, 702]
[633, 591, 711]
[640, 602, 728]
[640, 607, 740]
[652, 600, 710]
[655, 620, 736]
[672, 617, 736]
[691, 616, 737]
[715, 588, 710]
[729, 598, 711]
[739, 589, 714]
[740, 598, 702]
[760, 606, 725]
[787, 613, 700]
[756, 613, 686]
[764, 645, 666]
[762, 664, 636]
[772, 654, 613]
[765, 657, 601]
[769, 635, 589]
[763, 636, 589]
[755, 650, 557]
[733, 666, 529]
[722, 665, 521]
[717, 674, 507]
[705, 674, 503]
[696, 645, 484]
[675, 656, 483]
[662, 654, 463]
[633, 649, 461]
[617, 644, 459]
[591, 644, 465]
[571, 651, 474]
[563, 655, 452]
[568, 672, 445]
